          28
   2.22004646574287e+02   1.90556179445748e+02  -6.03956381480333e+00
   2.22078420025513e+02   1.83936527905103e+02  -6.00553133633527e+00
   2.22152308196645e+02   1.77316502840267e+02  -5.97111636553084e+00
   2.22226820254654e+02   1.70650127725727e+02  -5.93607916417720e+00
   2.22300923347448e+02   1.64029351881263e+02  -5.90090624273368e+00
   2.22375125903840e+02   1.57408201459949e+02  -5.86536051620680e+00
   2.22449422856255e+02   1.50786676191951e+02  -5.82944523595215e+00
   2.22523809142592e+02   1.44164775694061e+02  -5.79316366656457e+00
   2.22561034199685e+02   1.40853685113604e+02  -5.77488655006694e+00
   2.22636062708598e+02   1.34185231027904e+02  -5.73780471685813e+00
   2.22710132487245e+02   1.27608382873848e+02  -5.70087878606662e+00
   2.22779086086369e+02   1.21491121002876e+02  -5.66622101279431e+00
   2.22859517348830e+02   1.14361578851580e+02  -5.62545201767562e+00
   2.22934824205711e+02   1.07691612176342e+02  -5.58694807518862e+00
   2.23009148480686e+02   1.01113271704977e+02  -5.54863287122453e+00
   2.23084564092736e+02   9.44425489576524e+01  -5.50943804579987e+00
   2.23158985649529e+02   8.78634631634824e+01  -5.47044816713847e+00
   2.23234489815970e+02   8.11919841383434e+01  -5.43057601834170e+00
   2.23308988762902e+02   7.46121528074801e+01  -5.39092487619745e+00
   2.23384561330267e+02   6.79399186773323e+01  -5.35038904871979e+00
   2.23459117824861e+02   6.13593429685111e+01  -5.31009013517431e+00
   2.23534738709841e+02   5.46863547475370e+01  -5.26890434333649e+00
   2.23609332983309e+02   4.81050355012589e+01  -5.22797121488951e+00
   2.23684982167711e+02   4.14312949614530e+01  -5.18614924181524e+00
   2.23759594511051e+02   3.48492343836977e+01  -5.14459552361124e+00
   2.23835252071369e+02   2.81747419029622e+01  -5.10215120151918e+00
   2.23909862864775e+02   2.15919414132072e+01  -5.05999056782674e+00
   2.23985508940746e+02   1.49166991928946e+01  -5.01693779204421e+00
 Lobs (Rsun)    Longitude (deg)   Latitude (deg)

