      24
      1.50000      1.60000      1.70000      1.80000      1.90000      2.00000
      2.10000      2.20000      2.30000      2.40000      2.50000      2.60000
      2.70000      2.80000      2.90000      3.00000      3.10000      3.20000
      3.30000      3.40000      3.50000      3.60000      3.70000      4.00000
     0.546017     0.331031     0.205861     0.131686    0.0870165    0.0596928
    0.0427044    0.0319466    0.0249833    0.0203528    0.0171715    0.0149001
    0.0132087    0.0118941    0.0108312   0.00994261   0.00918012   0.00851378
   0.00792449   0.00740021   0.00693264   0.00651645   0.00614789   0.00614789
 Radial distance  (Rsun)
Background N(r) ( 10^7 cm^-3)

