         101
      1.50000      1.52222      1.54444      1.56667      1.58889      1.61111
      1.63333      1.65556      1.67778      1.70000      1.72222      1.74444
      1.76667      1.78889      1.81111      1.83333      1.85556      1.87778
      1.90000      1.92222      1.94444      1.96667      1.98889      2.01111
      2.03333      2.05556      2.07778      2.10000      2.12222      2.14444
      2.16667      2.18889      2.21111      2.23333      2.25556      2.27778
      2.30000      2.32222      2.34444      2.36667      2.38889      2.41111
      2.43333      2.45556      2.47778      2.50000      2.52222      2.54444
      2.56667      2.58889      2.61111      2.63333      2.65556      2.67778
      2.70000      2.72222      2.74444      2.76667      2.78889      2.81111
      2.83333      2.85556      2.87778      2.90000      2.92222      2.94444
      2.96667      2.98889      3.01111      3.03333      3.05556      3.07778
      3.10000      3.12222      3.14444      3.16667      3.18889      3.21111
      3.23333      3.25556      3.27778      3.30000      3.32222      3.34444
      3.36667      3.38889      3.41111      3.43333      3.45556      3.47778
      3.50000      3.52222      3.54444      3.56667      3.58889      3.61111
      3.63333      3.65556      3.67778      3.70000      4.00000
  3.42809e-08  3.11897e-08  2.86435e-08  2.60805e-08  2.37275e-08  2.15534e-08
  1.95600e-08  1.77496e-08  1.60961e-08  1.46102e-08  1.33058e-08  1.21332e-08
  1.10582e-08  1.00995e-08  9.25482e-09  8.50754e-09  7.86020e-09  7.28455e-09
  6.75682e-09  6.26596e-09  5.79501e-09  5.35953e-09  4.96517e-09  4.60816e-09
  4.29310e-09  4.00778e-09  3.74621e-09  3.50482e-09  3.28407e-09  3.07240e-09
  2.87933e-09  2.69748e-09  2.52688e-09  2.36526e-09  2.21721e-09  2.08429e-09
  1.96524e-09  1.85757e-09  1.76079e-09  1.67377e-09  1.59039e-09  1.51175e-09
  1.43959e-09  1.37434e-09  1.31540e-09  1.26034e-09  1.20541e-09  1.15433e-09
  1.10547e-09  1.05914e-09  1.01785e-09  9.80889e-10  9.47297e-10  9.15028e-10
  8.84088e-10  8.57276e-10  8.32580e-10  8.05840e-10  7.79044e-10  7.53556e-10
  7.28417e-10  7.05730e-10  6.83255e-10  6.63817e-10  6.45546e-10  6.26026e-10
  6.05764e-10  5.87763e-10  5.70815e-10  5.54344e-10  5.38581e-10  5.25057e-10
  5.11440e-10  4.97457e-10  4.83547e-10  4.71000e-10  4.58067e-10  4.45900e-10
  4.34860e-10  4.24380e-10  4.13767e-10  4.02664e-10  3.91914e-10  3.81172e-10
  3.70709e-10  3.61393e-10  3.53016e-10  3.46161e-10  3.39767e-10  3.33816e-10
  3.28383e-10  3.22788e-10  3.16910e-10  3.10636e-10  3.04186e-10  2.97218e-10
  2.94310e-10  2.89415e-10  2.97137e-10  2.79900e-10  2.79900e-10
Radial distance (Rsun)
pB_background (Bsun)
